{
 "nbformat": 4,
 "nbformat_minor": 2,
 "metadata": {
  "language_info": {
   "name": "python",
   "codemirror_mode": {
    "name": "ipython",
    "version": 3
   },
   "version": "3.7.9-final"
  },
  "orig_nbformat": 2,
  "file_extension": ".py",
  "mimetype": "text/x-python",
  "name": "python",
  "npconvert_exporter": "python",
  "pygments_lexer": "ipython3",
  "version": 3,
  "kernelspec": {
   "name": "python37964bite5f1e33ba62a4f4780d42c2fbadaedca",
   "display_name": "Python 3.7.9 64-bit"
  }
 },
 "cells": [
  {
   "cell_type": "code",
   "execution_count": 76,
   "metadata": {},
   "outputs": [],
   "source": [
    "# !pip install geopy\n",
    "from geopy import distance\n",
    "import numpy as np"
   ]
  },
  {
   "cell_type": "code",
   "execution_count": 77,
   "metadata": {},
   "outputs": [],
   "source": [
    "locations = [[\"Androscoggin\", (44.1912, 70.1707)],\n",
    "            [\"Aroostook\", (46.8199, 68.4766)],\n",
    "            [\"Cumberland\", (43.8133, 70.3871)],\n",
    "            [\"Franklin\", (45.0386, 70.398)],\n",
    "            [\"Hancock\", (44.577, 68.3567)],\n",
    "            [\"Kennebec\", (44.4499, 69.7038)],\n",
    "            [\"Knox\", (43.997, 68.9243)],\n",
    "            [\"Lincoln\", (44.1083, 69.511)],\n",
    "            [\"Oxford\", (44.4907, 70.7841)],\n",
    "            [\"Penobscot\", (45.3231, 68.5807)],\n",
    "            [\"Piscataquis\", (45.705, 69.3375)],\n",
    "            [\"Sagadahoc\", (43.8171, 69.7826)],\n",
    "            [\"Somerset\", (45.5913, 69.9999)],\n",
    "            [\"Waldo\", (44.5107, 69.2078)],\n",
    "            [\"Washington\", (44.9849, 67.6777)],\n",
    "            [\"York\", (43.4133, 70.6703)]]"
   ]
  },
  {
   "cell_type": "code",
   "execution_count": 78,
   "metadata": {},
   "outputs": [],
   "source": [
    "# Test formula\n",
    "# a = 3\n",
    "# b = 3\n",
    "# print(\"Dist from \" + locations[a][0] + \" to \" + locations[b][0] + \": \" + str(distance.distance(locations[a][1], locations[b][1]).km))"
   ]
  },
  {
   "cell_type": "code",
   "execution_count": 79,
   "metadata": {},
   "outputs": [
    {
     "output_type": "stream",
     "name": "stdout",
     "text": "[0.0, 320.73564847713646, 45.43489021303682, 95.87929473277993, 150.7713288946005, 47.04901133257844, 102.11565562403139, 53.5764083100175, 59.16329507435939, 177.9572265872226, 180.62075023469384, 51.92908014167199, 156.1764282032889, 84.58444611633239, 216.71431727843884, 95.32369355119434, 320.73564847713646, 0.0, 366.1611489019258, 247.79265403708987, 249.46281938090132, 280.2427578083941, 315.6863748960009, 312.030408883602, 315.18927650886195, 166.56814178226, 140.58041049756633, 349.06823858580634, 180.18952259559416, 262.9013577235761, 213.16942422149268, 416.0391881257313, 45.43489021303682, 366.1611489019258, 0.0, 136.1587908999571, 183.15219721905612, 89.40749334600883, 119.27010975343471, 77.57890319931519, 81.69558507451968, 220.75625199461044, 226.04357028377078, 48.63660461113174, 199.95007773272908, 122.07562152620027, 252.04974937959213, 49.97715237049302, 95.87929473277993, 247.79265403708987, 136.1587908999571, 0.0, 169.43301501047551, 85.45363631276344, 164.69117817015902, 125.10133350849955, 68.12852102199493, 146.2909443075562, 111.29373224656996, 144.30723537872726, 68.90269759803583, 110.98070477266438, 214.51612253382967, 181.90341081898092, 150.7713288946005, 249.46281938090132, 183.15219721905612, 169.43301501047551, 0.0, 108.0355222424526, 78.77853911609844, 105.75869258883769, 193.1693506617239, 84.7779777979521, 147.19127705914775, 141.85050079339112, 171.58379449444604, 68.03661025370056, 70.3043142649588, 226.1681659450013, 47.04901133257844, 280.2427578083941, 89.40749334600883, 85.45363631276344, 108.0355222424526, 0.0, 80.0747557729593, 40.959460299948596, 86.07823721990556, 131.48490716161916, 142.43377723435856, 70.59567851938534, 128.97509127581804, 40.03408459207635, 171.18409309502107, 138.8820605122827, 102.11565562403139, 315.6863748960009, 119.27010975343471, 164.69117817015902, 78.77853911609844, 80.0747557729593, 0.0, 48.6145109792086, 158.35600115905962, 149.86119759914908, 192.59731731978155, 71.7869709038489, 196.54882908741854, 61.40719595192208, 147.9256350913014, 154.9513454971058, 53.5764083100175, 312.030408883602, 77.57890319931519, 125.10133350849955, 105.75869258883769, 40.959460299948596, 48.6145109792086, 0.0, 110.12180888700955, 153.80736919071015, 177.96931814497688, 39.01310769107071, 169.27426414179885, 50.83868858456188, 175.24408793145824, 121.15135794757404, 59.16329507435939, 315.18927650886195, 81.69558507451968, 68.12852102199493, 193.1693506617239, 86.07823721990556, 158.35600115905962, 110.12180888700955, 0.0, 197.06184480823066, 176.56291609067964, 109.63909635364362, 137.03121854145095, 125.37870239258012, 252.08143554844534, 120.05930239327117, 177.9572265872226, 166.56814178226, 220.75625199461044, 146.2909443075562, 84.7779777979521, 131.48490716161916, 149.86119759914908, 153.80736919071015, 197.06184480823066, 0.0, 72.79072030793607, 192.66371061092104, 114.93658185593448, 102.96868061435993, 80.34098703050415, 269.7517328315511, 180.62075023469384, 140.58041049756633, 226.04357028377078, 111.29373224656996, 147.19127705914775, 142.43377723435856, 192.59731731978155, 177.96931814497688, 176.56291609067964, 72.79072030793607, 0.0, 212.73494552641495, 53.15966237005519, 133.11905102394567, 152.72472935250332, 275.78750390849297, 51.92908014167199, 349.06823858580634, 48.63660461113174, 144.30723537872726, 141.85050079339112, 70.59567851938534, 71.7869709038489, 39.01310769107071, 109.63909635364362, 192.66371061092104, 212.73494552641495, 0.0, 197.91019916711645, 89.7405459131657, 212.01906336642026, 84.54269633729514, 156.1764282032889, 180.18952259559416, 199.95007773272908, 68.90269759803583, 171.58379449444604, 128.97509127581804, 196.54882908741854, 169.27426414179885, 137.03121854145095, 114.93658185593448, 53.15966237005519, 197.91019916711645, 0.0, 135.33212943476985, 194.23506706109586, 247.8237761979349, 84.58444611633239, 262.9013577235761, 122.07562152620027, 110.98070477266438, 68.03661025370056, 40.03408459207635, 61.40719595192208, 50.83868858456188, 125.37870239258012, 102.96868061435993, 133.11905102394567, 89.7405459131657, 135.33212943476985, 0.0, 132.13138569771542, 169.242730180537, 216.71431727843884, 213.16942422149268, 252.04974937959213, 214.51612253382967, 70.3043142649588, 171.18409309502107, 147.9256350913014, 175.24408793145824, 252.08143554844534, 80.34098703050415, 152.72472935250332, 212.01906336642026, 194.23506706109586, 132.13138569771542, 0.0, 296.14560776672613, 95.32369355119434, 416.0391881257313, 49.97715237049302, 181.90341081898092, 226.1681659450013, 138.8820605122827, 154.9513454971058, 121.15135794757404, 120.05930239327117, 269.7517328315511, 275.78750390849297, 84.54269633729514, 247.8237761979349, 169.242730180537, 296.14560776672613, 0.0]\n"
    }
   ],
   "source": [
    "distances = []\n",
    "\n",
    "for i in range(len(locations)):\n",
    "    for j in range(len(locations)):\n",
    "        distances.append((distance.distance(locations[i][1], locations[j][1]).km))\n",
    "\n",
    "print(distances)"
   ]
  },
  {
   "cell_type": "code",
   "execution_count": 80,
   "metadata": {},
   "outputs": [
    {
     "output_type": "execute_result",
     "data": {
      "text/plain": "array([[  0.        , 320.73564848,  45.43489021,  95.87929473,\n        150.77132889,  47.04901133, 102.11565562,  53.57640831,\n         59.16329507, 177.95722659, 180.62075023,  51.92908014,\n        156.1764282 ,  84.58444612, 216.71431728,  95.32369355],\n       [320.73564848,   0.        , 366.1611489 , 247.79265404,\n        249.46281938, 280.24275781, 315.6863749 , 312.03040888,\n        315.18927651, 166.56814178, 140.5804105 , 349.06823859,\n        180.1895226 , 262.90135772, 213.16942422, 416.03918813],\n       [ 45.43489021, 366.1611489 ,   0.        , 136.1587909 ,\n        183.15219722,  89.40749335, 119.27010975,  77.5789032 ,\n         81.69558507, 220.75625199, 226.04357028,  48.63660461,\n        199.95007773, 122.07562153, 252.04974938,  49.97715237],\n       [ 95.87929473, 247.79265404, 136.1587909 ,   0.        ,\n        169.43301501,  85.45363631, 164.69117817, 125.10133351,\n         68.12852102, 146.29094431, 111.29373225, 144.30723538,\n         68.9026976 , 110.98070477, 214.51612253, 181.90341082],\n       [150.77132889, 249.46281938, 183.15219722, 169.43301501,\n          0.        , 108.03552224,  78.77853912, 105.75869259,\n        193.16935066,  84.7779778 , 147.19127706, 141.85050079,\n        171.58379449,  68.03661025,  70.30431426, 226.16816595],\n       [ 47.04901133, 280.24275781,  89.40749335,  85.45363631,\n        108.03552224,   0.        ,  80.07475577,  40.9594603 ,\n         86.07823722, 131.48490716, 142.43377723,  70.59567852,\n        128.97509128,  40.03408459, 171.1840931 , 138.88206051],\n       [102.11565562, 315.6863749 , 119.27010975, 164.69117817,\n         78.77853912,  80.07475577,   0.        ,  48.61451098,\n        158.35600116, 149.8611976 , 192.59731732,  71.7869709 ,\n        196.54882909,  61.40719595, 147.92563509, 154.9513455 ],\n       [ 53.57640831, 312.03040888,  77.5789032 , 125.10133351,\n        105.75869259,  40.9594603 ,  48.61451098,   0.        ,\n        110.12180889, 153.80736919, 177.96931814,  39.01310769,\n        169.27426414,  50.83868858, 175.24408793, 121.15135795],\n       [ 59.16329507, 315.18927651,  81.69558507,  68.12852102,\n        193.16935066,  86.07823722, 158.35600116, 110.12180889,\n          0.        , 197.06184481, 176.56291609, 109.63909635,\n        137.03121854, 125.37870239, 252.08143555, 120.05930239],\n       [177.95722659, 166.56814178, 220.75625199, 146.29094431,\n         84.7779778 , 131.48490716, 149.8611976 , 153.80736919,\n        197.06184481,   0.        ,  72.79072031, 192.66371061,\n        114.93658186, 102.96868061,  80.34098703, 269.75173283],\n       [180.62075023, 140.5804105 , 226.04357028, 111.29373225,\n        147.19127706, 142.43377723, 192.59731732, 177.96931814,\n        176.56291609,  72.79072031,   0.        , 212.73494553,\n         53.15966237, 133.11905102, 152.72472935, 275.78750391],\n       [ 51.92908014, 349.06823859,  48.63660461, 144.30723538,\n        141.85050079,  70.59567852,  71.7869709 ,  39.01310769,\n        109.63909635, 192.66371061, 212.73494553,   0.        ,\n        197.91019917,  89.74054591, 212.01906337,  84.54269634],\n       [156.1764282 , 180.1895226 , 199.95007773,  68.9026976 ,\n        171.58379449, 128.97509128, 196.54882909, 169.27426414,\n        137.03121854, 114.93658186,  53.15966237, 197.91019917,\n          0.        , 135.33212943, 194.23506706, 247.8237762 ],\n       [ 84.58444612, 262.90135772, 122.07562153, 110.98070477,\n         68.03661025,  40.03408459,  61.40719595,  50.83868858,\n        125.37870239, 102.96868061, 133.11905102,  89.74054591,\n        135.33212943,   0.        , 132.1313857 , 169.24273018],\n       [216.71431728, 213.16942422, 252.04974938, 214.51612253,\n         70.30431426, 171.1840931 , 147.92563509, 175.24408793,\n        252.08143555,  80.34098703, 152.72472935, 212.01906337,\n        194.23506706, 132.1313857 ,   0.        , 296.14560777],\n       [ 95.32369355, 416.03918813,  49.97715237, 181.90341082,\n        226.16816595, 138.88206051, 154.9513455 , 121.15135795,\n        120.05930239, 269.75173283, 275.78750391,  84.54269634,\n        247.8237762 , 169.24273018, 296.14560777,   0.        ]])"
     },
     "metadata": {},
     "execution_count": 80
    }
   ],
   "source": [
    "distance_matrix = np.array(distances)\n",
    "shape = (len(locations), len(locations))\n",
    "distance_matrix.reshape(shape)\n",
    "\n",
    ""
   ]
  },
  {
   "cell_type": "code",
   "execution_count": null,
   "metadata": {},
   "outputs": [],
   "source": []
  }
 ]
}